image_width: 960
image_height: 540
camera_name: camera
camera_matrix:
  rows: 3
  cols: 3
  data: [648.80079, 0., 472.36196, 0., 649.55019, 257.10149, 0., 0., 1.]
distortion_model: plumb_bob
distortion_coefficients:
  rows: 1
  cols: 5
  data: [-0.105347, 0.106395, 0.000356, -0.000371, 0.000000]
rectification_matrix:
  rows: 3
  cols: 3
  data: [1., 0., 0., 0., 1., 0., 0., 0., 1.]
projection_matrix:
  rows: 3
  cols: 4
  data:
    [636.4389, 0., 471.91013, 0., 0., 638.34674, 256.43073, 0., 0., 0., 1., 0.]
